15
20
25
25
25
25
25
25
28
28
28
29
30
30
30
30
30
30
30
32
32
32
32
32
32
32
35
35
35
35
35
35
35
35
35
35
35
35
35
35
35
35
35
35
35
35
35
35
35
35
35
35
35
35
35
35
35
35
35
35
36
37
38
38
38
38
38
38
38
38
38
38
38
38
38
38
38
38
38
38
38
38
38
38
38
38
38
40
40
40
40
40
40
40
40
40
40
40
40
40
40
40
40
40
40
40
40
40
40
40
40
40
40
40
40
40
40
40
40
40
40
40
40
40
40
40
40
40
40
40
40
40
41
42
42
42
42
42
42
42
42
42
42
42
42
42
42
42
42
42
42
42
42
42
42
42
43
43
44
44
44
44
44
44
45
45
45
45
45
45
45
45
45
45
45
45
45
45
45
45
45
45
45
45
45
45
45
45
45
45
46
46
46
47
48
48
48
48
48
48
48
48
48
48
48
50
50
50
50
50
50
50
50
50
50
50
50
50
50
50
50
50
50
50
50
50
50
50
50
50
50
50
50
50
50
50
52
52
52
52
52
52
52
52
52
52
52
52
53
53
53
55
55
55
55
55
55
55
55
55
55
55
55
55
55
55
55
55
55
55
55
55
56
58
58
58
58
58
58
58
58
58
58
60
60
60
60
60
60
60
60
60
60
60
60
60
60
60
61
62
62
63
63
63
63
63
65
65
65
65
65
65
65
65
65
65
65
65
65
65
65
68
68
68
68
68
68
68
70
70
70
70
70
70
70
70
70
70
70
70
73
75
75
75
75
75
75
75
75
75
75
75
76
76
76
76
78
78
78
78
78
78
78
78
78
78
80
80
80
82
82
82
82
82
85
85
85
85
88
88
92
95
99
99
99
99
99
99
99
99
99
99
99
